-10.	0.000011283771315317992
-9.97	0.000011680306591599354
-9.94	0.000012090776880580023
-9.91	0.000012515671955926067
-9.88	0.000012955498662425846
-9.85	0.000013410781746547862
-9.82	0.000013882064384906911
-9.79	0.000014369908827749356
-9.76	0.000014874897104721896
-9.73	0.00001539763162949903
-9.7	0.000015938736072307336
-9.67	0.00001649885595322864
-9.64	0.0000170786595719008
-9.61	0.000017678838592494195
-9.58	0.000018300109047353352
-9.55	0.000018943212136468546
-9.52	0.000019608915093116686
-9.49	0.00002029801209713078
-9.46	0.000021011325295194894
-9.43	0.00002174970563217915
-9.4	0.000022514034044407438
-9.37	0.000023305222367486778
-9.34	0.00002412421449926594
-9.31	0.000024971987502508952
-9.28	0.0000258495527966085
-9.25	0.000026757957323320092
-9.22	0.000027698284794985817
-9.19	0.00002867165704378838
-9.16	0.000029679235339474808
-9.13	0.000030722221680989925
-9.1	0.00003180186037254895
-9.07	0.00003291943943084519
-9.04	0.000034076292111606676
-9.01	0.000035273798556945124
-8.98	0.000036513387369430106
-8.95	0.00003779653741387001
-8.92	0.00003912477941958592
-8.89	0.000040499698013674035
-8.86	0.00004192293342575315
-8.83	0.00004339618357995789
-8.8	0.00004492120606791605
-8.77	0.000046499820141154835
-8.74	0.000048133909140601894
-8.71	0.00004982542245812738
-8.68	0.00005157637801134207
-8.65	0.00005338886470607207
-8.620000000000001	0.00005526504472186389
-8.59	0.0000572071563152976
-8.56	0.00005921751635040717
-8.53	0.00006129852315817086
-8.5	0.00006345265922758081
-8.47	0.00006568249438199114
-8.44	0.00006799068874063785
-8.41	0.00007037999585002286
-8.38	0.00007285326600625641
-8.35	0.00007541344971606634
-8.32	0.00007806360110540478
-8.29	0.00008080688165035266
-8.26	0.0000836465639066919
-8.23	0.0000865860354291037
-8.2	0.00008962880277185725
-8.17	0.00009277849573363639
-8.14	0.00009603887161280245
-8.11	0.0000994138197307759
-8.08	0.00010290736616636043
-8.05	0.00010652367832963971
-8.02	0.0001102670701657038
-7.99	0.0001141420070356336
-7.96	0.00011815311145302321
-7.93	0.0001223051680402376
-7.9	0.00012660312976464638
-7.87	0.0001310521236215223
-7.84	0.00013565745647736716
-7.8100000000000005	0.00014042462198138317
-7.78	0.00014535930663817087
-7.75	0.00015046739668089781
-7.720000000000001	0.00015575498527975462
-7.6899999999999995	0.00016122837964993586
-7.66	0.00016689410854109354
-7.63	0.00017275893014834232
-7.6	0.00017882984001527102
-7.57	0.00018511407969568072
-7.54	0.00019161914478849074
-7.51	0.0001983527942921448
-7.48	0.0002053230603347167
-7.45	0.0002125382563656908
-7.42	0.00022000698842084
-7.390000000000001	0.0002277381648640997
-7.36	0.0002357410070502608
-7.33	0.00024402505982301648
-7.300000000000001	0.0002526002037784858
-7.27	0.00026147666634901423
-7.24	0.0002706650345292161
-7.21	0.00028017626693011
-7.18	0.000290021707424315
-7.15	0.00030021309767802595
-7.12	0.0003107625924736457
-7.09	0.00032168277316269034
-7.0600000000000005	0.00033298666392900245
-7.03	0.00034468774462437235
-7.	0.0003567999698966817
-6.970000000000001	0.00036933778459524724
-6.9399999999999995	0.000382316139807215
-6.91	0.0003957505128444616
-6.88	0.00040965692469996373
-6.85	0.00042405195768069337
-6.82	0.00043895277784733455
-6.79	0.0004543771525162832
-6.76	0.00047034347547614264
-6.73	0.000486870783894533
-6.7	0.0005039787842122667
-6.67	0.0005216878759488619
-6.640000000000001	0.0005400191739362015
-6.61	0.000558994534382462
-6.58	0.0005786365808543303
-6.550000000000001	0.0005989687311945824
-6.52	0.0006200152269670856
-6.49	0.0006418011594611084
-6.46	0.0006643524989921046
-6.43	0.0006876961309805196
-6.4	0.0007118598850616165
-6.37	0.0007368725615327643
-6.34	0.0007627639800850128
-6.3100000000000005	0.0007895650030474988
-6.28	0.0008173075731984225
-6.25	0.0008460247566670631
-6.220000000000001	0.0008757507862745539
-6.1899999999999995	0.0009065210841495697
-6.16	0.0009383723283039602
-6.130000000000001	0.0009713424738400089
-6.1	0.0010054708066598028
-6.07	0.0010407980078808166
-6.04	0.0010773661603336038
-6.01	0.001115218845409105
-5.98	0.0011544011647167673
-5.95	0.0011949597960811964
-5.92	0.001236943065727747
-5.890000000000001	0.0012804009895488466
-5.86	0.0013253853375376767
-5.83	0.0013719496951813959
-5.8	0.0014201495269726694
-5.7700000000000005	0.001470042242132874
-5.74	0.001521687262636462
-5.71	0.0015751460936094253
-5.68	0.0016304824071309287
-5.65	0.0016877620862046916
-5.62	0.001747053332749826
-5.59	0.0018084267522315844
-5.5600000000000005	0.0018719553985411252
-5.53	0.0019377149127470794
-5.5	0.0020057835731167595
-5.47	0.0020762423823267318
-5.44	0.0021491752142253073
-5.41	0.0022246688642371115
-5.38	0.0023028131452142997
-5.3500000000000005	0.0023837010567251404
-5.32	0.0024674288343307094
-5.29	0.0025540960824460557
-5.26	0.0026438058917934715
-5.23	0.002736664960863666
-5.2	0.0028327837216214347
-5.17	0.0029322764695240977
-5.140000000000001	0.003035261498053443
-5.11	0.0031418612786946465
-5.08	0.0032522024441689057
-5.05	0.003366416221784685
-5.0200000000000005	0.0034846382460653746
-4.99	0.0036070090843492997
-4.96	0.003733674125564468
-4.930000000000001	0.00386478371379384
-4.9	0.004000493681805883
-4.87	0.0041409651206902875
-4.84	0.004286364806074472
-4.8100000000000005	0.004436865415138436
-4.78	0.004592645584741151
-4.75	0.004753889994970617
-4.720000000000001	0.004920790126948127
-4.69	0.005093543968391567
-4.66	0.005272356295477398
-4.63	0.005457439117143914
-4.6000000000000005	0.005649011959518391
-4.57	0.005847301884584821
-4.54	0.006052543710449831
-4.51	0.006264980717927693
-4.48	0.006484864339514451
-4.45	0.0067124550906397795
-4.42	0.0069480221823471355
-4.390000000000001	0.007191844569887862
-4.36	0.0074442107185155315
-4.33	0.007705418863280578
-4.3	0.007975778067865757
-4.2700000000000005	0.008255607898335904
-4.24	0.008545238691214707
-4.21	0.008845012830505539
-4.180000000000001	0.009155283929580649
-4.15	0.009476418891667615
-4.12	0.009808795894132194
-4.09	0.010152807304147582
-4.0600000000000005	0.010508858217392336
-4.03	0.010877368631330597
-4.	0.011258772609469947
-3.9700000000000006	0.011653519206666685
-3.9400000000000004	0.012062072979978744
-3.91	0.012484913828610167
-3.88	0.012922539438944725
-3.8500000000000005	0.013375464026078698
-3.8200000000000003	0.01384421950433845
-3.79	0.01432935520180767
-3.76	0.014831441866086092
-3.7300000000000004	0.015351066309365224
-3.7	0.015888838190075805
-3.67	0.01644538714607191
-3.6400000000000006	0.01702136310106217
-3.6100000000000003	0.01761744189066372
-3.58	0.018234317381398357
-3.55	0.018872711004551013
-3.5200000000000005	0.019533367461918028
-3.49	0.020217056815887258
-3.46	0.02092457532681502
-3.4300000000000006	0.02165674631957404
-3.4000000000000004	0.022414418764304722
-3.37	0.023198470259067627
-3.34	0.024009817286662405
-3.3100000000000005	0.024849399034552522
-3.2800000000000002	0.02571818698353523
-3.25	0.02661718567126714
-3.2200000000000006	0.027547433583722247
-3.1900000000000004	0.02851000414211924
-3.16	0.029506006760733894
-3.13	0.0305365879586591
-3.1000000000000005	0.03160293251488355
-3.0700000000000003	0.03270626466066795
-3.04	0.03384784930616558
-3.0100000000000007	0.03502899329992948
-2.9800000000000004	0.03625104672087609
-2.95	0.03751540420260191
-2.92	0.03882350629013742
-2.8900000000000006	0.04017684082918094
-2.8600000000000003	0.04157694438784765
-2.83	0.043025403710858834
-2.8000000000000007	0.04452385720602625
-2.7700000000000005	0.04607399646278143
-2.74	0.047677567802393406
-2.71	0.04933637385936818
-2.6800000000000006	0.0510522751934277
-2.6500000000000004	0.05282719193128138
-2.62	0.05466310543723829
-2.59	0.056562060011551396
-2.5600000000000005	0.05852616461514293
-2.5300000000000002	0.06055759461918864
-2.5	0.06265859357772874
-2.4700000000000006	0.06483147502128273
-2.4400000000000004	0.06707862426909106
-2.41	0.06940250025731987
-2.38	0.07180563738020307
-2.3500000000000005	0.07429064734072066
-2.3200000000000003	0.07686022100698464
-2.29	0.07951713027004981
-2.2600000000000007	0.08226422989837334
-2.2300000000000004	0.08510445938358802
-2.2	0.08804084477167073
-2.17	0.09107650047292848
-2.1400000000000006	0.09421463104350813
-2.1100000000000003	0.09745853293038209
-2.08	0.1008115961708812
-2.0500000000000007	0.10427730603694729
-2.0200000000000005	0.10785924461326313
-1.9900000000000002	0.1115610922972986
-1.9600000000000009	0.1153866292081206
-1.9299999999999997	0.11933973648950558
-1.9000000000000004	0.12342439749142509
-1.870000000000001	0.12764469881244211
-1.8399999999999999	0.1320048311838009
-1.8100000000000005	0.1365090901741407
-1.7800000000000011	0.14116187669168356
-1.75	0.145967697258514
-1.7200000000000006	0.15093116402908302
-1.6899999999999995	0.15605699452237465
-1.6600000000000001	0.16135001103419278
-1.6300000000000008	0.16681513969278794
-1.5999999999999996	0.17245740911742835
-1.5700000000000003	0.17828194863561675
-1.540000000000001	0.1842939860102879
-1.5099999999999998	0.19049884462355882
-1.4800000000000004	0.19690194005830763
-1.450000000000001	0.20350877601304707
-1.42	0.2103249394790775
-1.3900000000000006	0.21735609510176657
-1.3599999999999994	0.22460797863984938
-1.33	0.23208638942778947
-1.3000000000000007	0.2397971817364022
-1.2699999999999996	0.24774625491591218
-1.2400000000000002	0.25593954219327797
-1.2100000000000009	0.2643829979817772
-1.1799999999999997	0.27308258354521153
-1.1500000000000004	0.2820442508414842
-1.120000000000001	0.2912739243502962
-1.0899999999999999	0.300777480666951
-1.0600000000000005	0.31056072561825765
-1.0300000000000011	0.3206293686266747
-1.	0.33098899401435566
-0.9700000000000006	0.3416450288987981
-0.9399999999999995	0.3526027072850928
-0.9100000000000001	0.36386702990482456
-0.8800000000000008	0.3754427192865898
-0.8499999999999996	0.3873341694651281
-0.8200000000000003	0.39954538964181685
-0.7900000000000009	0.4120799409937489
-0.7599999999999998	0.42494086568474543
-0.7300000000000004	0.4381306069489658
-0.7000000000000011	0.45165091888023545
-0.6699999999999999	0.4655027642434766
-0.6400000000000006	0.47968619819329106
-0.6100000000000012	0.4942002351917206
-0.5800000000000001	0.5090426956105087
-0.5500000000000007	0.5242100274462024
-0.5199999999999996	0.5396970972866496
-0.4900000000000002	0.5554969432729547
-0.46000000000000085	0.5716004816002913
-0.4299999999999997	0.5879961575989319
-0.40000000000000036	0.6046695333226313
-0.370000000000001	0.6216028066106716
-0.33999999999999986	0.6387742624313542
-0.3100000000000005	0.6561576662474324
-0.28000000000000114	0.6737216208727105
-0.25	0.6914289218114901
-0.22000000000000064	0.7092359597200202
-0.1899999999999995	0.7270922302891382
-0.16000000000000014	0.7449400193310312
-0.13000000000000078	0.7627143323217882
-0.09999999999999964	0.7803431319966511
-0.07000000000000028	0.7977479346789699
-0.040000000000000924	0.8148447967218808
-0.009999999999999787	0.8315456984796146
0.019999999999999574	0.8477603068550621
0.049999999999998934	0.8633980710598717
0.08000000000000007	0.8783705818614336
0.10999999999999943	0.8925941038012912
0.1399999999999988	0.9059921735103513
0.16999999999999993	0.9184981456249013
0.1999999999999993	0.9300575609708759
0.23000000000000043	0.9406302097866126
0.2599999999999998	0.950191766360351
0.28999999999999915	0.9587348816371782
0.3200000000000003	0.9662696384852375
0.34999999999999964	0.9728233016411397
0.379999999999999	0.9784393313514408
0.41000000000000014	0.9831756754932394
0.4399999999999995	0.9871024068233797
0.46999999999999886	0.9902988254714108
0.5	0.9928501958734658
0.5299999999999994	0.9948443253273233
0.5599999999999987	0.996368211850531
0.5899999999999999	0.9975049872213059
0.6199999999999992	0.9983313548871894
0.6500000000000004	0.9989156733398774
0.6799999999999997	0.9993167689391702
0.7099999999999991	0.9995834867426366
0.7400000000000002	0.9997549144056567
0.7699999999999996	0.9998611534622114
0.7999999999999989	0.9999244729372495
0.8300000000000001	0.9999606669060048
0.8599999999999994	0.9999804498981684
0.8899999999999988	0.9999907567217478
0.9199999999999999	0.9999958577514444
0.9499999999999993	0.9999982472685558
0.9800000000000004	0.9999993026020693